2
4
6
9
17
21
22
26
44
47
50
53
55
56
57
58
59
60
65
73
74
75
76
77
80
81
82
85
86
87
88
89
93
96
98
99
101
102
103
104
105
107
109
112
113
114
118
125
127
130
132
133
150
156
157
158
159
161
163
164
166
167
169
170
172
173
174
175
176
177
178
183
184
185
186
188
190
194
195
198
199
200
202
205
207
208
210
211
212
213
215
217
220
221
222
224
225
238
242
244
245
246
248
251
256
257
259
261
262
264
265
266
271
274
275
278
279
284
285
286
287
288
289
292
293
294
297
298
300
302
304
305
306
311
316
318
320
322
326
328
330
331
332
335
336
337
338
340
341
344
345
347
349
350
351
352
353
355
356
360
361
365
366
367
368
369
370
371
376
377
378
380
381
383
385
388
389
392
395
397
398
400
401
402
403
404
407
409
413
414
417
418
419
420
421
426
427
428
431
432
440
445
448
450
451
452
453
454
456
457
460
463
464
465
466
469
471
472
473
474
475
476
477
479
482
487
493
494
495
496
498
500
501
502
509
510
513
515
522
523
524
525
526
527
528
531
534
535
540
541
542
545
547
551
552
553
554
555
560
561
564
565
566
567
570
571
572
573
575
577
580
583
584
585
587
588
592
594
595
596
597
599
600
603
605
606
608
610
611
613
614
615
616
617
619
620
622
623
626
627
628
629
630
631
632
633
635
636
637
638
639
640
641
642
645
646
647
648
651
652
654
655
656
657
658
659
660
661
662
663
664
665
666
667
668
669
671
672
674
675
678
679
680
682
683
684
685
686
687
688
689
690
706
707
708
709
710
711
712
713
715
716
717
719
721
722
723
724
725
726
727
728
729
730
731
733
734
735
737
738
739
740
741
742
743
744
745
746
747
748
749
750
751
753
754
755
756
757
758
759
761
762
763
764
765
768
769
772
775
776
777
779
781
782
783
784
785
786
787
788
789
790
792
793
794
797
798
799
800
801
802
803
804
807
808
809
811
814
815
816
817
819
821
823
828
830
831
833
834
836
838
840
841
844
846
847
850
852
853
858
859
860
861
862
863
865
866
867
871
872
873
874
877
879
