11
12
13
14
16
19
20
23
24
25
27
29
30
33
34
36
37
38
39
43
45
46
49
54
62
63
66
67
68
69
70
71
78
83
84
90
95
100
110
111
119
120
122
124
129
131
135
136
138
139
141
143
146
147
148
154
160
168
179
187
189
201
218
219
226
227
230
232
233
236
239
241
243
247
249
254
258
263
281
301
303
309
310
312
313
314
317
319
321
323
324
325
329
354
357
362
363
372
379
382
384
386
387
391
393
394
396
399
406
412
416
430
436
441
444
458
459
478
483
484
485
486
497
499
504
505
514
519
521
529
530
532
533
537
539
544
546
548
549
550
556
558
559
562
563
569
574
579
582
589
593
598
601
602
607
609
612
618
621
624
625
643
644
650
653
670
691
695
714
718
732
770
773
778
780
795
796
805
806
810
812
818
820
824
825
826
827
829
832
835
837
843
848
849
851
854
855
857
864
868
870
875
878
880
