(1000,
1003,
1005,
1013,
1014,
1021,
1023,
1049,
1050,
1053,
1054,
1055,
1057,
1061,
1062,
1065,
1073,
1076,
1080,
1081,
1083,
1085,
1086,
1087,
1089,
1091,
1092,
1094,
1100,
1112,
1116,
1118,
1119,
1127,
1128,
1130,
1137,
1138,
1139,
1150,
1151,
1153,
1159,
1161,
1162,
1167,
1168,
1170,
1171,
1172,
1174,
1175,
1176,
1177,
1178,
1183,
1184,
1188,
1192,
1197,
1198,
1199,
1200,
1201,
1203,
1204,
1206,
1207,
1208,
1209,
1213,
1217,
1221,
1223,
1227,
1229,
1231,
1234,
1235,
1237,
1239,
1240,
1242,
1243,
1246,
1247,
1248,
1249,
1250,
1251,
1252,
1254,
1255,
1259,
1260,
1262,
1263,
1265,
1266,
891,
892,
893,
894,
895,
896,
897,
898,
900,
901,
902,
903,
905,
907,
908,
909,
910,
911,
912,
914,
915,
916,
917,
918,
919,
920,
921,
922,
923,
924,
925,
926,
927,
928,
929,
930,
931,
932,
933,
934,
935,
936,
937,
938,
939,
940,
944,
945,
947,
948,
949,
950,
952,
953,
954,
955,
956,
957,
958,
960,
961,
962,
963,
964,
966,
967,
971,
974,
978,
980,
982,
984,
985,
987,
992,
995,
997,
998,
999
)